       6.0225      13.3233      11.5246
      13.0838      23.6989      18.5570
       8.7329      24.3706      17.6366
       9.5683      21.5616      16.8495
       8.8174      19.7111      14.7232
       3.4564      12.7921      10.9470
      10.6352      16.5114      14.2060
       6.5115      21.4949      18.0125
       9.9092      21.4515      15.4795
      10.8083      24.1947      19.2728
      10.8596      19.8866      15.0925
      11.9473      19.8883      13.2839
       9.0975      22.6124      16.2578
      10.9096      23.3673      17.8887
       7.4350      16.4028      11.2972
      10.7026      22.3737      18.5763
       6.7058      17.8309      14.4889
      12.8602      21.9763      18.1684
       4.9909      18.7853      14.3256
      13.2718      20.4736      19.3709
       8.7029      20.0817      16.2795
       7.2130      16.2803      12.3775
       9.7370      16.5619      15.1482
       8.7187      18.7064      14.7731
       4.1273      16.2934      11.4120
       9.6602      17.5442      13.5601
       7.0173      17.2643      11.9851
       7.0361      15.4201      11.7789
      11.1712      23.4009      16.6320
      13.9259      27.3977      22.8504
      10.2719      26.0907      18.0914
      14.0250      22.8840      15.7139
       7.9628      16.5577      12.7165
      10.1196      24.3168      17.8353
      14.5140      24.9563      18.2036
       8.7218      16.1737      12.8699
      10.7741      22.9599      16.8853
       6.6702      15.7849      12.3842
      10.8049      20.0251      17.3682
      10.6292      21.4496      16.5523
       7.8909      18.8908      13.9206
      11.4617      23.9280      18.3912
       9.5638      22.7500      17.3283
      12.3492      24.3322      15.3459
       9.2125      22.5351      18.4901
       6.5610      10.1706       8.0029
      11.6028      29.3000      21.5146
       7.6745      15.5633      14.0248
       8.6650      21.9577      17.2162
      13.5994      25.9538      18.3601
       8.3236      20.2011      13.6300
      10.3431      20.0527      15.2719
      11.2033      19.0916      14.4773
      15.3344      26.2166      21.1615
       8.3189      15.6648      13.1288
      11.9979      18.2363      12.0627
      10.6573      20.6595      15.1933
      14.5331      29.2542      21.3428
      13.1896      23.2083      16.0628
      12.4468      20.4666      14.2853
       7.2156      15.9360      13.5636
       9.9152      19.0508      13.1325
      11.1814      21.5388      17.8913
       7.3431      18.4761      12.7033
       3.8552      12.3407      10.4312
       8.4178      15.7783      10.6681
       9.0616      20.6193      15.2466
      13.5824      18.6407      13.1062
       2.8465      10.0499       8.8233
       8.6479      23.7825      16.7806
       6.9488      17.0559      13.1162
       7.8622      15.4317      12.1392
       4.8473      12.5099      12.4740
      13.3586      26.5046      18.8522
      12.5703      22.1235      16.1821
      16.5774      23.3347      18.0709
      13.1003      23.7515      16.2786
      14.7196      28.4398      23.4523
       7.8421      16.2751      12.8184
       9.4208      20.2458      14.4018
       8.2559      20.1178      14.6818
      12.7046      24.2072      19.6412
      10.0279      20.2706      14.8945
       8.0255      17.6667      12.4004
      12.0112      27.2602      20.3172
      12.3903      19.5055      14.5510
       8.2420      20.4479      16.4600
      12.6403      19.5598      13.5978
      11.4023      19.3204      16.4258
      10.0965      21.1845      15.1020
      12.0775      20.0984      14.7635
      10.6156      17.2689      14.9795
       6.5765      16.3340      12.2201
       9.9303      23.2517      20.2225
       8.0693      18.6903      14.7101
       8.2804      18.9209      14.4241
      14.5540      30.4446      22.6319
      10.0364      18.7259      15.5337
       5.5618      17.4071      13.4318
      13.7551      19.8301      18.2764