86.5020 -65.1761
247.4398 304.8923
109.3893 25.9610
255.6797 197.3180
218.9358 87.2826
135.7422 98.5112
252.2617 502.7969
224.8249 539.9170
113.2430 277.5103
210.2591 256.4394
126.0438 221.4556
293.2733 587.4057
203.3224 222.3157
148.4232 374.9702
120.9719 328.1901
235.5460 190.2625
239.6090 87.2554
153.8972 317.3199
273.7561 583.3802
103.0057 111.3381
178.2492 204.8140
146.0585 352.1261
191.7460 328.6433
282.2540 630.6528
257.2556 534.3770
239.4993 522.5996
255.0439 572.6445
116.4621 122.3136
192.4304 261.7245
281.7481 568.7274
215.3594 534.7613
247.0381 464.6435
121.9687 64.9490
106.2022 117.9944
90.6360 50.3432
86.2258 189.1421
79.9912 60.7018
138.3399 361.0302
239.5555 488.8617
252.9964 567.7480
118.9558 325.9786
140.5598 339.0102
107.1320 109.4411
93.3027 74.3599
241.2181 506.5873
265.3547 473.4821
309.0173 600.2308
204.2543 443.4795
307.6289 727.8116
139.7104 61.3035
86.0701 143.6762
88.5549 94.3559
105.2950 209.3177
90.1663 185.0945
176.6233 216.5258
267.5926 537.3442
317.1943 695.4160
223.0913 547.7843
113.9160 90.0938
272.9890 695.2051
87.0441 163.9800
289.7933 525.2702
217.2478 136.0723
255.2587 679.1293
176.7958 157.5576
175.1713 232.8024
115.5139 121.8848
165.1229 372.9976
172.5937 366.7165
84.1302 39.2269
175.2271 121.5332
311.0959 615.3870
98.9928 211.7980
132.8458 240.4588
88.4669 86.6778
219.0559 512.7438
111.6543 100.0778
288.4416 626.1459
150.3814 343.8637
261.3306 648.9920
93.9722 130.8560
145.7958 476.7280
89.3254 130.9195
214.6338 582.6415
139.6758 511.1216
150.2960 351.0187
187.4954 285.3521
126.5781 179.8680
244.7850 343.1697
98.5366 138.0005
246.2066 196.7477
285.0170 716.1704
286.1949 537.9596
92.2758 5.8155
295.3190 534.5094
198.2695 213.1254
209.0134 488.8803
214.3887 408.2518
212.2226 174.7470
153.2515 277.4134
90.5021 128.3796
238.5032 471.2037
83.5282 58.0988
232.1905 560.2538
89.1229 88.8277
208.2442 162.2300
241.8396 630.2278
157.8073 266.8868
73.1722 108.6233
213.6596 435.1272
170.9283 183.8862
130.9954 244.6752
129.6215 141.7940
110.7950 413.6916
176.1029 207.7901
269.3724 605.4498
178.1785 248.5076
144.4969 267.1891
243.2145 675.7556
95.8391 181.1718
207.2848 517.6214
90.1877 173.8025
118.4947 221.5712
264.6056 629.1846
196.5930 252.7834
149.0921 141.1878
139.9393 543.3527
274.2809 575.0469
104.4058 248.7758
288.9102 600.4032
155.9419 361.3770
89.9134 132.0544
163.3121 351.6822
241.1918 468.8698
192.5816 306.1126
82.2821 172.3732
226.8932 210.0509
262.4713 86.4264
91.8576 146.5795
164.1171 412.5588
228.9243 504.3085
136.0335 350.7087
122.2177 150.5054
118.0113 133.0066
281.0262 577.5139
232.3294 257.9986
100.7904 126.6369
187.9790 198.6922
113.5384 62.3254
242.0618 187.9058
337.7599 760.5261
207.3093 194.8440
216.7615 551.4120
212.7277 158.4305
278.7428 610.1133
198.6690 221.8755
99.0144 181.0611
98.2157 147.1513
219.8018 117.3950
112.5725 205.9568
166.9130 457.5735
197.5851 201.0299
93.0322 159.3713
309.0463 620.3571
287.2205 616.7447
185.2151 417.5831
77.4832 22.9402
194.4189 341.5442
270.1607 529.0368
278.7156 573.3618
111.9760 393.5970
66.2309 70.0041
245.1755 518.1242
137.8117 384.8119
132.3057 199.2336
73.0871 49.3110
203.1694 268.4783
174.1017 238.7579
174.3068 269.9500
118.0207 308.8585
251.5159 80.7863
113.7148 7.9257
263.5831 570.7641
130.6657 400.2125
295.3956 640.8632
201.1570 197.5731
225.2598 201.0022
87.9881 71.8101
228.3171 595.2425
177.3367 267.1602
318.8055 645.4040
224.1558 85.9016
225.8415 415.8573
150.7757 203.9412
169.2381 323.0323
87.1066 220.1014
130.7837 194.0060
104.0592 86.0717
260.0874 572.3123
245.2399 536.2395
155.0400 356.1822
103.8640 428.7981
149.7463 309.4814
241.6893 44.6902
263.3191 158.4598
109.2869 178.1868
246.4039 129.7472
276.5460 506.2445
200.6144 461.4868
257.4887 520.8979
172.8794 244.2410
272.6001 530.1206
314.1849 719.8714
95.6317 188.7255
149.9051 263.1971
90.7185 -9.3606
98.5326 209.6367
188.8735 248.9558
313.2219 739.9751
267.4507 492.5904
244.8019 589.3119
206.3682 146.0391
227.3585 218.4768
96.2757 88.3556
113.6408 76.6521
162.1002 256.9261
231.5928 222.5370
217.2506 225.2042
197.7754 168.0341
212.2602 293.2455
165.7440 356.3414
61.9291 -30.4583
83.8386 130.3960
97.9519 130.9966
157.0131 271.6288
176.2785 287.5203
265.2061 545.4116
84.4525 82.1618
135.8280 422.2405
127.6899 103.1696
229.5800 135.2525
179.2089 226.6285
121.8227 43.7453
100.6855 152.2819
92.5218 137.9591
148.8841 269.1905
120.6444 400.4588
294.3262 720.0465
94.9003 168.3879
209.4276 56.9529
99.0838 87.3749
302.5297 22.5959
192.0483 335.1396
168.4068 471.9901
73.6957 87.5709
224.4294 171.5606
243.9226 642.5079
60.7902 -22.6440
262.9231 573.9887
102.1884 159.1203
220.5249 174.5827
270.0229 153.9373
82.7509 41.0352
95.7331 134.3802
147.9476 268.9936
180.5299 256.4686
161.5462 348.2966
245.2682 155.9202
184.1655 326.8988
224.6229 573.2363
110.6917 152.7979
294.8812 605.6128
259.2083 642.3387
265.1865 541.9292
91.4700 148.4312
287.2856 744.0868
197.7760 343.9636
142.5380 329.5707
128.1554 296.9101
223.2880 244.0690
205.8775 517.8846
91.0945 178.9586
200.0895 270.6976
157.7818 289.1287
214.7948 206.2747
116.5279 438.2052
103.8130 246.3439
280.4207 692.7203
124.9126 154.2723
196.7709 252.4970
181.3577 346.8067
112.1375 85.3833
74.7992 113.6766
99.8269 204.6306
91.4820 148.3085
229.0702 423.1437
109.3801 392.0468
94.0310 98.0422
138.5234 236.0154
105.8924 111.7230
123.3593 353.0546
232.0223 503.8520
286.3936 538.2345
90.9777 404.5615
159.4598 146.9894
208.4600 219.4753
264.4534 553.3151
95.0256 148.1690
83.9067 120.2271
179.5548 400.7783
147.4206 92.4648
188.3115 604.6097
150.9652 335.4302
131.4742 404.4196
99.1715 18.9129
175.5149 374.8963
92.1569 82.7688
192.6380 333.9801
121.3022 338.9974
124.1078 107.3621
223.3336 494.1649
220.1488 213.8803
110.9550 197.6845
71.6796 57.8026
307.7443 625.9361
79.6838 52.9523
177.0457 122.8251
88.2615 467.0308
183.6440 169.4408
70.7496 117.9132
156.2014 353.3157
103.8314 111.4102
144.0805 311.0679
241.9149 124.3454
259.3806 547.6748
301.0870 709.3595
201.7321 149.5274
286.3007 606.7716
115.4491 107.6463
94.5024 294.9290
130.9015 302.9653
150.7434 471.1286
132.0448 165.5205
224.6027 123.8977
91.1951 212.8815
205.3491 268.4239
98.3102 100.6135
229.4384 496.3394
230.4154 211.9826
100.5959 125.4899
103.1345 131.8867
119.5604 287.1480
220.7265 518.4588
173.1203 439.5171
103.0360 7.7372
109.6775 77.6417
261.5083 549.5159
90.4784 48.5735
112.9587 282.2679
100.7872 100.9843
192.9623 223.0020
90.6532 169.5529
234.3658 117.2895
218.2307 138.2998
169.0343 219.9964
265.0207 639.5432
197.1075 513.6314
148.9304 321.3347
68.0730 102.3235
190.1935 373.2496
316.8838 640.7576
232.5171 492.9270
163.2869 194.1097
237.4050 182.1792
231.3938 247.3573
230.9942 436.2267
205.7979 417.4124
104.0647 57.3256
134.0043 148.1385
253.0731 614.5783
244.1736 589.0682
101.1493 64.1067
282.9809 658.7391
232.0222 518.0213
204.2863 486.8764
256.4398 469.6020
106.2686 138.8853
176.2696 475.7372
158.9644 266.0114
120.9270 177.5390
205.9824 249.0791
96.1602 69.6028
90.2263 144.7404
107.1208 223.6504
260.0747 227.3638
155.6451 370.9969
107.3328 199.6447
86.5310 412.7390
163.3913 283.2785
284.0713 582.3286
213.7688 539.0438
102.5648 388.2376
103.1834 1.4280
79.0111 180.4784
109.9398 15.0569
348.6399 590.7075
172.6495 232.5976
73.1452 156.8351
173.8330 261.9100
212.0808 159.0309
254.4644 92.1064
273.8315 661.9595
89.5292 71.4943
177.6268 294.9792
164.0793 458.9425
286.7367 619.4314
284.8348 658.1083
194.1908 233.9394
195.6538 161.9461
275.3027 12.9950
131.7056 116.7103
137.9465 267.3202
181.9063 251.8568
143.1622 163.4290
197.7008 221.5187
159.9151 156.8632
195.9430 421.2066
109.4148 325.2857
178.7868 319.0116
260.6921 632.4255
159.3774 296.9293
106.3294 183.3587
99.9844 178.4832
177.6788 238.9559
84.5365 62.2462
79.9368 193.4899
116.2646 133.5058
218.4565 315.2353
254.8347 653.7662
180.5086 278.2062
130.9541 296.1999
155.7534 258.5663
220.0248 544.8265
235.9905 535.0907
75.9330 88.4558
217.2541 575.8081
242.3143 527.4198
119.9969 160.5592
204.1421 253.8658
231.3507 450.1096
190.8608 302.4729
217.4379 102.7671
91.4357 286.6534
128.8723 468.7278
187.2994 371.3337
195.9582 523.5491
223.3429 207.8234
236.6067 660.0408
186.8644 327.4245
112.4946 154.3270
265.2956 137.0839
172.4939 406.6413
126.9793 193.9832
213.0772 300.5117
286.7845 127.7186
176.5915 248.3800
204.7681 175.5058
191.5988 471.0416
73.7297 99.7418
164.5187 288.8260
112.9212 122.7733
182.3903 321.7849
73.8385 85.3605
110.8828 106.9696
139.1677 258.2320
215.8283 169.1910
292.6126 595.8159
256.3977 579.5841
142.0081 361.2705
286.7780 526.1153
304.0788 635.8215
101.9604 105.2738
107.6838 144.8925
144.6740 336.8218
125.7164 474.1233
205.1547 515.3051
292.4676 527.7778
87.5182 203.8216
202.3303 469.7009
263.4316 564.5231
244.2461 458.2023
279.7416 209.0108
181.5970 190.9842
227.0455 233.5928
65.6372 64.9061
187.1547 296.1186
221.6987 511.2221
159.8485 362.8537
75.9791 47.5386
145.8948 335.5953
123.3544 37.5344
325.0563 664.1621
240.6051 128.5033
113.3148 85.4605
171.8598 232.5880
253.5486 461.2922
226.3102 133.2050
91.7379 15.2572
118.8177 177.2928
171.3051 338.1767
166.0760 252.5660
162.8639 346.4537
137.2975 165.2394
179.1005 290.5446
78.8800 43.3229
134.0717 350.6017
265.1723 570.0921
80.9439 131.7589
115.1193 261.7071
199.7521 156.2165
207.3038 256.9573
267.7239 687.3538
173.9968 294.0263
127.4288 93.1608
116.7775 109.6323
116.1770 204.9002
253.0007 427.0708
91.9844 195.8953
167.3057 197.8700
103.9706 98.0456
188.5284 229.7912
94.8666 72.1608
153.3445 302.6867
106.8041 67.5655
100.6732 183.8160
95.8251 107.8094
214.0040 467.8451
136.2823 150.7390
219.8508 440.3419
72.8399 36.2922
195.6683 233.8565
264.1420 586.2443
68.9433 103.2994
127.4655 417.1370
72.2964 77.1514
194.0556 152.3000
266.7945 624.5911
70.6711 145.7831
88.8373 247.1741
108.5742 179.2088
214.9368 360.6632
211.8779 415.8668
210.2753 484.0736
217.8691 253.7784
277.5816 165.6434
220.2577 180.9800
123.0611 107.3979
169.6009 234.1529
139.8493 338.5675
107.6830 152.2437
77.2148 31.5378
134.1062 329.5455
186.1581 391.0088
143.5422 282.6003
139.0662 375.2413
116.5325 136.8725
230.4277 459.1210
95.7613 139.3221
187.1165 286.2198
254.8676 143.9672
204.9599 284.7708
198.3788 475.2484
88.9675 185.0514
205.7518 594.4126
155.8142 344.1987
249.0570 88.2772
95.2565 392.8166
110.8186 210.2452
327.4121 632.2184
120.8905 296.7746
130.7305 261.7762
258.2575 528.9401
95.6461 231.9220
140.4608 375.8189
285.0389 546.3427
83.7499 37.5292
151.0872 292.1801
161.8769 428.3954
131.9786 460.3287
235.1099 426.5807
266.9854 669.3413
210.7697 549.3706
213.2873 177.0984
68.4640 110.8582
197.3872 185.2514
260.9024 513.9618
92.0344 176.8570
96.4039 170.7745
192.2411 425.9781
87.5467 255.9425
119.7404 213.3533
157.5222 413.7108
107.0555 144.7148
89.7765 96.0096
101.4262 349.0048
215.7833 139.2753
252.8289 189.4620
306.0913 602.3908
131.3462 332.4013
109.8416 147.6000
184.9954 475.9782
109.5484 205.6896
179.5731 465.6444
239.5669 521.9799
83.9496 144.3916
277.7747 548.4510
222.8092 540.9310
199.0511 345.3215
76.2880 466.7823
102.7169 270.7521
84.2884 53.3190
232.8079 464.9336
205.9827 235.0421
271.0757 561.0386
87.4815 39.9436
206.9562 181.7872
274.7091 570.6222
163.5188 360.9902
242.0740 569.2287
58.1953 33.9091
143.4516 235.4094
205.5071 350.6414
161.6941 275.6423
96.0952 186.6108
123.2765 61.7370
182.7212 246.5488
98.3906 247.0730
260.8711 557.7121
116.9501 323.8722
76.1002 105.5142
227.4948 418.1061
120.2888 49.9479
71.4216 253.5345
142.3987 191.7383
289.0583 613.8879
130.0536 374.0425
116.9260 158.2432
109.8531 186.6108
129.3099 305.4268
229.1744 93.8292
220.3785 221.4349
178.1119 219.4171
83.5287 32.5195
97.7570 419.8695
107.4653 488.3857
219.0373 515.2417
343.0275 465.5649
290.4781 565.2715
115.5170 190.9479
173.0259 217.9513
214.0744 227.9702
256.8174 574.8481
82.2740 118.9323
118.2563 130.0711
174.1425 313.3758
194.9662 148.7096
127.7071 388.3238
247.9131 636.9384
186.0533 286.8906
175.6419 202.1594
171.8820 340.5229
118.6411 284.4871
64.6398 157.8691
270.7201 608.2731
242.7365 499.1986
231.2462 457.9536
124.6819 386.9408
219.0150 470.6578
222.5954 265.8591
162.8668 345.3472
122.8938 368.3646
150.8543 236.1491
152.5138 198.2820
271.2581 594.0931
173.6444 294.7662
132.1173 367.0098
78.4637 27.7465
117.9840 172.2511
50.6875 15.0231
222.6870 526.6417
183.8153 452.8093
161.5931 159.7796
275.5893 452.2831
189.6164 328.1985
227.9728 573.8776
114.8135 206.2922
199.3794 214.1017
349.1581 710.8996
194.0442 237.6620
208.6901 206.7347
103.5560 -61.8028
90.7594 155.8392
226.1609 219.3459
176.1988 225.7398
97.1293 115.2104
108.8973 465.0859
269.8174 588.0474
100.4751 190.8541
145.7276 314.6509
278.6064 438.7428
100.0862 129.8554
110.8678 79.4073
133.5195 208.3287
296.8770 639.5694
170.7368 174.3864
95.1672 401.8845
189.4822 214.4663
91.6601 104.7904
191.2213 378.8076
204.2637 175.4887
239.2165 51.2633
135.2272 444.1728
137.9457 111.9178
221.3322 120.7738
229.8068 493.8738
135.7250 197.3631
189.2293 235.1158
70.8312 82.5865
263.0713 546.6222
87.5073 165.3344
255.2344 580.4400
225.8168 114.6337
127.7912 440.4605
143.1697 343.3834
216.8936 555.2806
188.8136 309.1031
209.0385 403.2446
236.1292 216.9980
107.7159 213.9986
182.2718 260.4490
95.6623 60.6673
226.5093 435.2626
160.7686 278.0307
246.2817 569.8307
259.3033 669.2812
208.7217 258.8508
112.3680 202.6170
75.8265 58.0591
269.5021 547.5178
241.9898 472.1022
245.2231 94.6581
232.9510 691.5750
247.2784 151.7393
240.6028 66.8334
214.3045 552.0913
85.5612 68.0105
171.0764 239.1575
275.0259 557.6905
264.7817 545.9074
245.0712 551.6460
235.5662 297.5686
175.2246 406.2458
189.2849 144.3378
145.6234 314.0236
188.1047 413.4053
165.5727 419.4839
135.7762 135.3070
301.0665 686.7218
94.9626 61.8469
108.4918 123.4043
158.9473 266.4230
252.8627 594.9413
284.7621 545.4782
217.0937 208.9311
162.2305 383.4816
231.0593 169.0044
129.8834 120.5261
188.6661 286.4123
161.3486 305.4762
187.2027 208.0910
116.3552 348.4855
201.2004 434.2859
105.6544 50.6150
139.4244 243.6677
120.4527 168.8610
92.9310 26.5145
183.5960 349.9043
73.7672 18.0327
211.8484 231.4211
98.0300 165.6904
97.8681 157.1142
155.8428 308.3161
156.9083 173.2225
262.2542 563.0905
218.0147 437.7731
62.4126 455.8029
273.1444 569.3686
120.2969 278.6583
164.7340 337.1679
151.3466 146.9164
283.1068 155.6601
223.0398 169.7194
288.1704 490.5382
195.7050 541.0145
156.0092 235.3146
137.6198 235.3070
60.9638 86.1580
246.7715 208.9932
274.0952 143.1928
215.3184 202.5581
85.2429 175.4060
121.7732 159.0449
166.4050 215.2144
142.5827 268.4344
53.3897 157.1708
291.2838 613.5166
249.4017 80.7520
237.8770 524.0740
119.6299 414.9977
96.6863 103.4417
352.8251 678.3163
229.9039 233.9233
179.1914 344.9277
254.5875 486.9595
101.3293 159.8874
135.5647 290.0278
187.0819 324.9008
175.9424 315.9624
107.7213 114.1644
269.0438 623.7003
99.5462 130.5000
258.1171 671.3156
231.8168 440.3022
92.5809 131.8272
264.2658 472.3533
138.5103 300.0813
183.9524 328.5302
214.7277 298.3270
92.0039 50.7921
146.4428 272.8454
223.5321 316.8102
108.8602 196.2765
219.3187 498.1855
234.0777 506.5790
105.8592 150.5490
94.4692 123.7688
180.7165 278.7888
148.6611 358.2533
148.5860 429.9475
150.0847 174.8715
100.5170 455.3863
107.6354 156.9159
172.4284 251.1474
77.4970 118.0220
266.6837 609.7970
235.6055 104.2241
101.7997 123.2968
243.2811 573.8239
182.8909 276.9815
106.3571 32.1288
208.9479 262.7509
187.0241 278.2276
78.7148 48.4573
184.6019 522.6176
235.1378 667.1593
155.6000 252.7014
91.0591 125.0402
116.8953 352.8261
139.7564 271.2405
242.0387 176.4269
198.2411 273.1122
223.6264 199.4387
273.1406 487.7857
140.5887 283.5826
113.9329 243.5598
225.8692 574.9134
203.9714 468.4581
255.5425 603.2172
241.9186 614.3136
216.2136 462.0425
133.8181 367.7685
95.0264 200.7874
223.3356 180.0356
101.2980 112.3727
228.4177 418.4795
281.1219 677.8997
162.9273 165.3514
268.4014 604.3503
155.7311 261.5333
208.4670 491.8152
195.6021 213.2772
244.4436 580.6073
229.1741 374.2473
255.8561 581.0846
291.8622 658.2094
126.7829 204.2202
263.2852 538.7257
342.1746 775.1065
200.5275 249.4147
184.2173 254.1892
250.9355 495.8115
248.6071 353.9134
293.9087 653.8554
116.5563 164.7898
117.7386 126.9972
66.4166 58.3542
45.4764 -11.4087
115.9723 91.9594
254.7076 486.9155
177.8861 285.5677
95.5971 335.7555
226.6317 94.8118
209.0205 293.8741
267.6173 580.2919
150.6742 394.9549
152.1066 254.3664
195.4399 275.0431
139.5558 256.7753
162.4837 212.4494
277.4918 691.4750
280.1557 600.4605
198.4266 213.1464
217.3614 506.0185
207.7717 238.9460
287.0900 455.0207
111.5058 161.3381
75.8194 133.0764
102.9341 51.1986
155.8300 353.7594
140.2119 308.1338
207.2663 212.4649
204.0939 260.1024
117.2668 -3.6642
124.4431 468.5636
83.5295 130.4711
250.1988 542.9061
247.2392 554.4137
221.8582 158.8727
218.0238 221.2927
306.8206 582.5258
121.6999 189.7961
271.1344 201.7880
182.2901 303.2708
177.5967 333.4014
214.0724 315.6176
189.4722 486.5199
350.4341 749.8397
93.2203 133.9990
236.3548 599.3748
92.6298 102.0620
307.1243 634.7488
203.0467 218.5693
80.3053 172.5320
143.1080 346.3120
141.1307 255.6131
157.6598 181.3120
149.7945 283.4882
135.3557 347.5554
237.3732 530.1790
253.9962 533.7898
264.4565 47.7383
200.6295 373.5100
110.7559 98.5283
203.8582 444.5377
72.6173 208.6447
226.9410 259.6517
97.4810 115.4271
202.9999 479.6855
130.0340 417.9168
295.6297 565.8748
117.3486 127.4758
260.0968 491.0012
167.2639 319.2518
238.1398 153.7685
75.6815 117.2720
165.2051 195.2532
177.4134 214.2409
123.8610 166.9770
217.5122 470.9120
121.4164 238.1397
137.6124 246.4224
124.0154 424.6006
219.7063 257.9662
210.7667 304.4763
193.4224 226.5358
187.8083 270.6269
146.4817 343.2873
196.3445 258.8657
112.1662 110.2049
231.8227 231.3597
111.1525 321.0177
101.8660 141.0007
64.5977 119.9188
281.0492 533.3058
136.4273 101.1226
194.2304 220.4505
218.3083 504.3550
254.4471 585.3368
283.8350 551.7985
173.0740 238.7997
