273.6301 163.1739
80.8001 532.5277
168.9108 264.1314
175.7233 249.6012
47.5722 106.8956
205.0255 185.7889
117.7751 383.3397
193.8630 522.8186
190.1200 260.7022
104.9910 139.8790
204.9409 538.0372
89.7700 195.8109
194.2853 544.6966
156.2894 599.5143
201.8146 236.6079
172.2907 267.7257
155.9588 363.3150
157.6130 320.6996
192.6946 174.4157
163.0587 628.4306
169.7458 157.1139
132.3367 642.1264
87.2723 17.0244
155.4518 277.8998
163.2843 572.3529
113.7715 118.9916
89.7480 141.1819
142.6935 135.5295
115.7019 144.4492
151.3193 216.9936
192.6617 230.4986
150.7617 299.3387
222.9385 445.0181
167.5336 487.3724
52.9824 121.9525
176.0906 271.1341
249.8104 505.1625
220.2541 485.7259
60.4610 63.1528
112.9212 121.2417
87.8594 -22.8995
187.9230 519.9717
141.1790 180.6996
213.2782 471.6900
180.4777 438.6303
155.0609 623.5637
200.3771 245.8281
213.0252 424.8723
210.6115 183.9330
72.3895 21.3320
115.5272 127.6302
159.2765 201.8312
214.0569 358.8823
143.4908 557.6618
121.6761 131.0870
95.9166 82.4618
127.7801 265.9257
181.9085 608.3226
91.6967 44.8570
107.7068 220.4109
84.8372 481.2893
203.9476 448.3163
63.5618 17.1162
219.5905 474.6489
146.5192 207.6098
283.8163 2.2235
86.2588 743.0697
120.3720 254.8783
97.8193 116.7756
165.5584 479.2682
106.5374 33.7580
197.1905 597.8130
164.5007 591.5396
150.2267 604.0455
155.5432 625.6066
113.8074 111.1793
68.8140 20.6839
163.9858 624.4878
123.4754 220.4392
206.9339 234.7185
71.8322 114.5669
210.5030 457.5691
153.3272 537.8074
200.8306 288.7260
234.9375 235.4247
97.0895 104.5256
145.3317 573.0796
265.1488 162.7834
98.0920 129.6963
204.5190 204.4675
101.4117 82.0287
88.0406 106.1595
237.0172 188.9833
189.9859 174.4313
159.0922 594.2206
203.4400 207.6382
127.7039 131.0478
270.7177 353.7622
101.9664 127.0793
172.0562 524.3360
187.8119 620.4790
174.1972 267.2012
175.8622 278.3476
154.7938 229.1224
156.4077 290.9324
199.8544 447.8261
112.5271 177.4864
98.4845 226.5226
168.8374 293.5183
263.6777 437.8161
120.6624 548.7720
94.6457 97.0918
219.9523 464.7489
90.9232 80.3674
141.4201 353.3555
263.6186 419.8552
124.3887 404.3976
241.1596 341.1794
27.9915 81.7675
80.5584 85.2175
99.8600 -33.6298
217.3804 241.1208
113.9243 146.3959
220.3512 187.2863
107.5292 128.3687
236.5325 431.4272
176.9616 271.4666
227.8948 515.4997
127.5798 160.5795
253.5037 188.1037
149.8039 229.8573
108.8786 158.6715
143.2596 241.9563
139.9042 422.2711
185.4696 221.0699
168.9303 386.9200
102.5681 123.8111
132.4045 559.3630
248.4397 184.3709
97.7605 122.2674
91.6615 153.3356
122.2198 324.6984
220.0610 146.8232
179.8679 579.8159
201.4091 210.4416
146.4090 160.1309
214.6624 446.3099
94.4160 753.0832
118.1282 153.5911
101.3378 75.8850
76.4288 30.6437
117.4663 80.1832
99.9871 77.0078
150.6643 328.8588
211.4748 612.4994
170.8143 616.1864
213.1346 506.1452
106.2170 204.2531
172.4572 185.1254
185.9350 477.2114
217.9097 264.7450
156.2991 602.7538
262.7433 400.3833
102.2778 95.5547
165.8305 609.1764
207.9681 450.5720
190.7057 587.8378
208.9591 227.2134
127.6634 289.3639
66.5473 459.3008
198.8341 488.0829
177.1507 513.1232
87.5532 99.3907
153.3463 340.0624
64.4999 454.9383
167.2606 381.9406
115.8976 232.7892
105.4311 27.9286
197.6935 594.7215
151.2550 225.6277
193.0819 243.2273
149.4183 216.3158
171.1416 267.3450
169.5984 386.6597
220.7148 119.4590
91.6084 146.7651
188.6046 483.0253
83.8615 47.5373
194.8938 209.1287
97.1416 69.4235
191.3399 500.3869
152.1592 363.2110
243.6155 450.8425
121.9587 198.2720
80.3256 196.8441
217.1579 368.4653
190.4314 379.3000
175.7756 352.5324
272.2668 299.1395
243.1125 144.8716
122.4910 385.6871
94.3626 45.3136
223.6591 561.8600
171.7015 280.1514
122.1646 129.0057
142.2641 436.2845
154.0922 562.0977
192.6493 259.2142
82.2125 74.3016
175.0777 272.3366
116.8027 117.7928
94.2983 134.0517
221.3516 231.7396
145.6269 339.6020
159.1404 401.3145
116.2422 291.0253
145.8871 124.9375
178.4529 485.3114
142.4439 593.9147
173.2157 236.1446
233.7998 360.9022
204.9604 194.6751
115.7556 134.8606
152.6241 290.8355
214.1995 269.7953
234.1553 483.7378
194.2383 107.4505
150.0341 308.8406
94.8410 170.3514
118.6275 406.9852
192.4985 150.8489
132.4151 211.4582
205.0055 185.1520
294.7166 308.4499
227.7652 527.4228
147.7666 296.4095
159.3859 579.6593
184.4700 207.6212
115.9118 202.5804
84.7574 66.8516
112.2281 235.0211
118.0376 263.2593
244.0665 107.9665
209.8095 505.6205
214.7465 325.8523
149.2889 296.9488
216.5254 403.6159
184.8963 178.2483
176.2428 165.6807
100.3207 387.7792
93.5160 81.9777
194.9208 522.6068
202.8538 445.6800
135.4611 140.3382
239.3649 462.0582
165.8142 300.6746
95.5546 384.4981
226.7145 285.1661
205.7330 550.9799
235.2519 389.5612
170.7908 263.4608
142.9157 310.1984
151.0389 259.9120
153.8851 530.2286
169.2026 307.8833
185.7051 510.4128
94.2708 91.4756
232.4020 233.2230
178.0110 194.0417
73.5866 146.7137
100.6745 111.9026
197.9114 381.9770
236.3842 505.3095
86.0003 80.9773
195.1188 508.6933
169.1805 283.4237
91.9698 667.3804
209.3369 482.9061
236.4682 490.6928
157.0650 306.6005
123.1334 58.6436
147.2362 325.6561
198.8041 259.5836
200.8917 302.5711
104.4801 160.7362
191.1823 94.7065
118.8208 167.4874
222.7228 489.8014
174.5436 231.4968
156.3741 396.1380
89.8085 100.8682
169.1424 294.4712
177.9556 512.8892
148.8388 458.6099
129.6817 286.5859
174.0744 183.5005
195.2514 364.6859
117.8117 217.9491
132.4965 428.5133
213.9333 355.3918
181.6499 248.0635
186.0062 371.6978
211.6762 256.2058
240.0590 491.8225
96.7346 46.5530
119.5252 314.7112
117.0913 524.2434
200.4780 232.6246
206.6282 194.9333
132.1625 332.5839
205.8457 571.3145
89.7931 85.4237
235.9609 203.4345
158.3528 263.3691
149.5460 558.8713
181.2360 248.0943
141.1888 698.1790
81.5151 134.7449
134.8802 149.5433
207.8106 491.2882
191.0607 148.0724
97.6597 145.4929
197.4912 572.3648
183.2341 470.0993
101.3571 56.2559
195.2080 187.0887
146.6291 277.5235
143.9081 359.2373
168.7856 329.2978
96.6493 129.8751
139.0132 390.6590
96.4602 184.8858
175.1555 562.0745
201.0126 163.5564
128.8768 561.9858
231.3051 113.0399
156.5821 595.1177
244.6055 376.0322
110.9802 148.8137
215.8413 252.4246
202.3082 311.0779
75.9334 123.0536
131.4327 390.4699
89.5795 106.6488
185.4183 615.3814
100.0947 114.7167
194.7138 512.6728
150.6265 732.9621
94.5072 94.5828
81.5674 101.7396
189.4567 579.6969
185.4983 601.2270
190.7944 232.1707
134.1942 275.9627
223.5470 151.9663
189.8873 491.2228
96.4726 104.1103
79.3552 69.3017
129.4474 339.6460
130.7685 358.8666
114.0951 238.4668
70.2010 66.3088
189.9998 558.1980
166.3806 536.6139
138.8685 598.6237
157.5744 364.7177
196.0402 290.2674
168.2775 253.6031
140.3153 561.2452
153.1413 350.1468
102.5100 235.4488
175.1240 252.6537
214.5942 293.4273
192.6165 575.4168
80.8486 -2.1636
210.0808 432.4180
128.3344 534.3184
117.6224 135.6547
149.3889 364.2516
210.0118 521.8769
158.6444 318.1522
78.5902 131.5690
172.9801 596.6661
105.4639 65.6778
131.9460 410.5110
88.3839 63.1806
196.3884 551.8001
204.1282 212.5511
156.5427 673.3308
97.7406 59.2799
150.4137 570.4500
105.9167 115.4368
145.9200 345.5417
182.6190 417.4305
98.7039 182.6669
207.5497 201.9235
103.2219 132.6660
130.5758 358.6340
282.5867 345.6654
161.1470 540.7598
130.7659 215.2938
72.2835 190.1353
239.6163 95.4912
220.5725 468.4054
231.5826 220.1663
95.2806 109.0944
122.4576 157.5752
80.8374 13.0326
226.8508 328.8083
253.9941 161.3622
107.1945 125.2266
143.5145 149.3013
223.0282 174.2684
105.8281 162.5322
208.7781 514.6422
95.2828 365.0906
94.3700 177.3268
141.4136 331.4575
198.2512 497.8898
242.2903 481.4953
192.3464 297.9316
256.7670 348.3523
133.1233 328.7940
113.1018 192.7114
171.3091 326.5845
210.5082 394.9866
199.3907 266.0716
212.1800 324.9115
227.8772 476.2954
136.6722 101.0093
179.5514 523.8339
153.6380 388.0538
111.4145 380.3807
99.8616 290.2007
190.6110 657.6987
126.2876 535.3984
242.0989 121.8793
237.3127 145.3366
117.3054 93.1899
211.9968 519.3505
124.1631 194.3258
99.2450 89.8964
212.1409 362.2881
160.1278 594.5287
178.0292 294.6250
79.8854 154.4492
172.7352 300.3139
191.7205 473.1847
154.5456 301.0679
89.6730 107.4612
161.5313 294.7775
202.2390 242.3268
198.0290 138.2318
192.9476 492.0907
111.2231 149.8558
141.9591 382.8034
146.3581 280.4974
62.1481 140.5064
116.1393 394.1906
249.6051 442.4028
269.1075 411.1700
109.4134 3.1944
245.8311 419.4757
214.2345 179.8576
86.8834 75.3137
229.6679 191.1333
204.6785 205.1392
182.6755 471.9859
227.3096 171.5313
186.1402 470.5253
103.6530 379.3808
82.9177 -31.2253
136.3506 366.2671
194.3380 218.1949
230.5537 535.1097
252.3111 426.3077
124.5534 133.8854
184.2150 547.0091
206.3101 271.6895
211.1988 199.7845
137.7760 262.9702
196.8355 488.8028
104.5379 61.9305
191.5287 177.1982
236.4425 293.7650
166.9194 262.4015
253.0487 487.8538
148.7241 369.8870
172.3636 304.1566
201.8947 494.7446
179.2596 529.9622
184.1852 238.7874
235.1298 505.6265
145.5433 519.9302
124.3837 160.1328
130.0282 383.0420
61.1834 32.1683
240.3588 177.8062
121.9977 127.2893
222.9863 229.1216
181.5083 214.8419
106.5490 64.6405
107.0443 281.5898
232.8825 329.3621
232.2372 302.2134
177.7154 314.4774
193.7238 554.1474
249.9023 486.4249
78.9576 132.3726
210.1530 257.5228
176.3706 318.1337
84.7975 -38.3861
103.9267 444.6043
222.3553 427.4722
148.0218 567.4569
155.6337 313.4856
117.8531 235.8709
196.0634 209.9735
81.8253 329.1070
120.1664 93.5924
126.1057 672.1280
113.4390 30.2779
120.7489 127.4558
130.0802 389.5535
88.6777 65.9021
106.6466 358.6343
180.0567 246.2609
189.4420 346.3893
188.0693 558.8525
185.2230 224.3674
253.9537 163.1403
155.0039 309.9394
195.6599 652.5089
77.7706 150.8865
210.5619 265.4915
131.6323 69.8577
71.7479 158.9758
117.1975 88.3430
106.3513 203.1971
110.0026 -19.3786
106.8787 209.4769
114.1503 424.7615
196.3803 447.9018
282.7226 180.1054
98.9398 130.7813
92.1199 81.7574
242.6523 448.0295
211.2610 94.5094
106.8375 118.9019
110.9346 7.3864
196.4944 539.0278
107.7420 133.7324
133.9262 686.7793
80.2994 71.2544
217.7355 302.5378
220.5659 225.3970
199.1474 220.0340
94.2650 155.3617
235.9398 535.1854
119.9559 141.3949
239.5504 247.6984
131.4380 162.4502
170.6192 243.2565
209.9509 498.6805
138.6848 444.0071
117.6023 155.3273
108.5227 202.0294
117.8276 164.2127
90.5545 223.5461
146.1749 448.7268
70.1642 184.1477
227.2883 555.0620
120.7217 357.6860
213.0825 222.5450
187.7744 205.6755
99.5304 161.2095
194.5081 113.3941
246.1906 245.9682
125.5123 421.4055
107.0860 149.2895
198.9171 407.3680
176.6730 300.9521
78.4248 -68.9472
227.2639 194.9606
103.9098 153.5548
136.4014 336.3027
69.4308 113.1053
253.1260 409.0037
213.6593 518.5645
104.1869 294.4016
249.5628 408.3892
206.2653 459.9990
121.4428 211.5746
103.2970 187.0212
227.0925 431.4000
89.0198 128.6850
122.5345 191.4111
150.6576 504.1075
205.6344 503.8302
148.9044 262.5218
251.1584 399.5994
301.2788 85.5814
146.1639 281.4823
172.1306 418.8530
179.1973 130.4392
215.6161 545.9515
208.9887 385.9379
86.2308 141.6453
151.9160 230.6089
166.6826 171.4335
167.2233 550.9685
203.1764 166.9038
90.4487 170.0153
94.3503 95.4456
111.6791 318.1360
191.6549 513.3806
233.3915 565.3792
77.7022 108.4822
146.7133 539.0856
163.0982 392.5670
73.2904 -46.4576
222.6175 224.6111
206.0467 128.2416
211.4884 499.3200
257.5474 384.2297
79.2814 132.7258
229.6639 486.4437
161.9370 528.9347
111.3589 189.4262
147.2494 113.6245
228.6541 497.1690
191.1594 366.0063
158.1915 312.5778
160.3004 228.9268
138.9147 373.1107
130.3849 290.5506
155.8913 267.9694
155.8742 305.8867
171.4792 530.7843
240.5589 241.8157
187.9676 238.6224
111.1743 206.6217
119.7960 188.0015
158.4633 379.7510
123.5215 163.1108
174.4506 249.3122
98.2309 217.3437
115.5522 155.9099
137.5353 164.2108
190.0672 488.5875
158.2545 410.4192
118.0558 348.6233
163.4818 347.3662
231.2207 480.2300
182.5866 597.2187
271.6752 186.2873
177.2631 248.5039
199.6262 264.1297
174.1381 248.3759
97.6252 123.2628
211.6530 589.2784
261.0125 394.9162
67.4965 46.8288
124.3117 418.0330
112.4442 368.9966
102.3125 680.4667
229.0429 477.2889
171.9745 200.0926
131.2210 225.3488
182.3778 547.9369
84.2245 189.0741
167.2732 446.8623
183.5416 256.0018
185.0546 572.6049
215.2370 237.0840
103.8360 404.9414
115.0147 112.0810
76.6949 178.6509
78.8483 198.2692
156.4847 475.8330
96.4477 155.5544
156.4722 292.1344
142.3839 367.8983
252.1180 446.4780
277.3484 84.6561
112.5527 117.7767
103.8773 131.9521
118.7863 139.7569
96.0040 153.4079
96.9167 171.6025
262.5354 382.5138
226.2677 499.8907
90.9908 62.0163
262.1491 447.5006
107.2518 123.6889
93.2762 66.7984
211.5002 185.1649
203.8860 302.9534
188.2566 287.9565
249.7731 364.5054
63.1797 69.1448
180.7767 190.1895
141.1010 391.0071
101.1182 119.2982
186.8551 289.6258
261.3181 440.9581
79.4073 156.3095
256.2950 106.7214
191.7100 486.5016
96.1222 128.6740
88.3889 93.2402
158.0595 347.4275
104.6628 33.8093
125.6092 713.9647
117.5263 231.2925
207.7913 546.4519
273.1110 105.2728
108.1331 260.0813
92.3219 104.9195
170.0676 225.6752
175.0259 587.6959
128.8057 88.8233
215.3918 521.1770
111.5940 403.4257
193.3640 514.4562
100.5842 82.0224
146.9150 326.7490
240.3341 433.9538
168.2534 593.5540
244.4612 431.4998
240.3797 422.5838
154.5580 267.1369
169.0830 264.3253
180.9344 213.4645
219.4334 456.2306
197.4242 467.1646
222.5623 452.8658
166.5582 339.3945
147.2388 549.8437
186.8157 283.6852
138.3345 504.6409
122.1477 158.0502
181.9802 273.3312
109.6954 149.2987
133.2675 92.0060
220.7047 472.8872
190.1436 458.6230
199.2523 234.2938
190.2060 252.1143
100.5622 18.3632
98.7946 213.2945
155.5577 456.0301
124.9002 293.4337
241.3287 129.2950
159.0030 572.2756
112.7780 259.1689
164.8017 213.5346
198.4584 245.4148
223.9737 207.6757
202.2736 482.5998
132.0226 381.8889
105.1411 260.0053
179.8735 265.3221
181.9502 445.1549
122.7628 164.2819
67.4304 12.4744
182.3773 519.6297
98.4307 109.2943
208.7305 537.0199
216.5274 211.4941
121.7206 350.0684
107.7103 165.0203
231.2203 599.9239
198.4607 512.0196
252.1104 103.0789
95.3531 98.8648
123.6069 398.9205
123.3371 432.3784
39.1865 -56.8018
203.3415 303.1238
96.0624 173.4841
155.4828 184.7911
224.6337 590.9508
187.9536 208.7818
182.8528 231.4359
203.0790 452.1185
85.6461 165.6684
190.9859 63.7644
181.4077 506.4468
282.3030 314.1857
83.1998 99.4517
138.5128 677.9579
92.2886 176.6986
223.8393 203.7455
146.0148 308.2223
229.9180 475.5785
178.4187 346.7964
224.6836 107.9470
104.9768 152.9902
123.9132 120.6505
167.6916 359.6088
112.1914 190.5905
204.1773 252.8436
174.3120 344.2313
178.5850 302.6905
118.9616 84.7104
80.8259 53.5869
143.8424 316.1175
192.6570 238.9093
112.8723 147.6455
92.7143 99.4507
140.3038 587.5089
167.5698 355.0243
257.5021 416.2502
220.8728 179.7220
96.8678 15.9112
218.2446 201.1980
102.3959 326.5373
249.3678 441.2649
236.9679 411.0118
95.4889 151.9128
177.5652 363.5628
86.1408 99.0990
208.0081 101.1829
222.4764 230.5915
92.4216 112.0264
178.3734 456.3994
143.8767 308.7402
103.3419 120.2330
221.7451 469.3256
265.8850 358.2275
171.7153 462.5550
121.7635 200.2572
213.7654 214.4462
251.2132 370.5522
206.2244 407.4667
252.4639 336.8348
251.2775 80.5124
137.0503 356.8658
93.7973 109.7213
160.6905 437.2128
114.1817 652.9569
129.1030 178.0483
67.4735 389.4167
223.5302 419.1359
99.1107 76.8676
100.2995 168.2892
102.4493 72.5001
116.8246 217.8563
87.3111 436.0528
160.3222 194.5514
242.4507 132.3662
201.8625 526.5812
225.3897 430.7949
98.9843 33.3668
184.8067 185.1093
195.4241 267.3999
183.3373 262.7978
220.6142 271.5649
123.0584 622.4583
115.8800 151.0242
162.6812 350.7783
212.9797 234.6797
82.8277 174.4446
168.1697 217.2384
73.6735 413.8167
106.8876 132.6040
54.5800 178.2290
190.3272 124.2991
196.7594 434.7921
183.8709 417.8848
51.5972 519.2590
248.0907 140.4852
46.8756 31.4601
224.6787 186.9488
219.8026 494.0357
107.6815 460.9670
252.2639 194.6384
164.1959 241.3365
249.6357 363.3177
118.6588 142.6804
162.9797 302.8450
249.5964 381.8353
234.7358 158.6255
166.8060 209.9786
222.0785 179.6845
240.5879 379.6510
85.6163 450.2000
118.9106 126.6512
214.0952 501.9708
211.1574 514.4656
217.1225 428.3915
136.6699 285.2044
101.2327 143.8472
199.6896 532.7085
102.5682 66.3719
225.3032 305.0552
207.4054 423.5074
163.5282 600.3539
164.6445 458.6138
273.1692 399.1696
193.9668 456.6955
109.8113 23.9496
200.8286 229.3487
96.5608 99.3444
206.8400 518.1154
65.3467 101.2740
144.3480 339.0179
150.1012 314.3112
170.8534 169.8663
248.7871 49.3770
104.5320 103.2616
225.1406 132.1411
76.3429 33.7499
171.0917 518.9252
125.0203 427.2184
101.0184 230.6654
172.8200 338.3896
224.5445 533.9215
165.7057 288.1491
206.1781 507.3945
108.3823 117.5621
135.0257 744.8879
164.6774 290.4546
245.2439 145.8481
143.5584 561.5000
166.9282 189.5949
86.4278 77.7485
238.1609 486.9760
87.3760 487.4509
145.8943 191.1078
246.7982 553.9420
148.5519 462.6899
99.5706 15.7681
102.2023 147.3735
228.4140 471.3674
201.4783 256.5146
163.2675 260.4830
90.4589 486.1386
173.8524 277.2466
203.5358 487.6202
225.0822 285.3444
123.7114 300.4333
231.6388 173.4642
99.0754 -53.5389
226.1947 546.4944
157.0062 555.4993
143.9531 224.3094
184.5936 449.6763
188.2850 317.3300
282.2208 363.2764
196.0128 498.1055
129.2724 431.4139
93.3598 40.4190
91.6329 156.1543
149.6440 347.3830
122.1056 146.2323
214.6792 259.1031
199.7520 193.9610
166.6475 257.0430
183.8188 449.9820
143.8766 504.3575
111.2896 40.7347
154.3825 247.1672
189.5330 531.8000
206.9223 299.2185
112.2887 250.5329
132.4794 308.6217
235.7703 490.0683
110.9502 260.2941
133.6708 659.6347
88.6311 57.4853
202.4872 512.9357
95.7483 105.7672
191.8895 264.0939
85.2346 77.6236
115.4415 166.8455
223.2557 229.8734
191.9488 270.6697
162.8796 229.3764
120.7393 423.5102
132.8351 132.6956
229.2659 191.0519
117.4573 171.8412
230.8421 342.0988
177.5731 473.6868
163.0563 265.4024
161.1230 307.3474
225.0200 138.0236
183.5201 292.8233
197.8792 244.0347
77.9354 -12.6195
70.6037 81.1192
117.9671 160.6517
84.0735 180.5057
231.7140 127.3884
94.0496 201.5249
222.8223 213.0711
202.1972 512.4463
183.2005 475.7572
