123.4761 130.9871
119.8929 271.8377
94.1402 116.3291
99.4023 138.3160
73.1367 104.6400
94.3830 121.0433
105.6499 120.4961
94.0704 112.2752
99.5781 131.5797
98.5055 135.5243
105.7047 132.2558
66.9634 70.2365
102.8634 133.4950
109.4566 125.6290
96.0225 107.6413
100.5752 126.7315
37.2537 -29.4146
102.7502 137.2933
106.0398 226.9655
102.8860 119.9365
87.7051 113.7360
93.7538 136.9028
99.9689 144.0762
126.7157 221.6309
86.7452 23.6905
100.1673 125.9215
102.3372 112.2945
114.1776 137.1759
105.7965 138.9436
139.1166 207.6936
101.8511 127.6742
101.6685 144.5832
73.9971 81.0602
102.0586 135.3117
125.9142 237.3759
100.7572 122.6919
99.3916 131.7641
94.0046 115.9938
96.9017 122.6862
86.3963 23.0427
104.5528 136.7567
99.5236 151.5851
97.6609 123.7426
85.4332 197.1903
94.9972 120.7019
97.2826 82.2802
79.2571 1.4160
97.6324 63.2580
96.6485 131.3029
110.1257 132.5485
99.5291 139.8327
103.4569 144.5471
102.6154 135.9740
93.7469 103.7445
97.2765 115.0430
95.7059 131.1541
102.7455 126.9850
112.6764 234.6058
110.1687 169.0667
82.2173 51.3462
98.8496 122.3402
115.0931 249.9851
97.0616 112.3375
105.1814 131.5959
103.2177 137.0956
105.3940 153.7717
103.7119 136.1913
94.0775 120.0691
80.1336 114.4930
99.8173 115.0792
107.8327 141.5749
99.3061 137.1764
110.1360 188.6838
101.6639 121.1499
103.6860 85.9818
95.4261 130.6676
73.0784 54.7184
99.0367 124.9514
98.1762 106.9787
108.2657 150.6874
73.7241 148.6072
69.9741 53.2235
105.0776 130.2078
101.4841 115.3152
77.0012 83.8649
96.1850 107.9003
94.6180 127.2473
107.0114 197.7237
104.8008 168.8399
97.5953 111.6465
139.8736 131.8091
107.0244 151.1864
91.6243 0.9318
99.3505 116.5507
92.0514 111.3400
99.8277 127.7553
95.0788 128.9303
125.2942 266.1639
117.3342 214.4815
100.3224 122.6781
93.4188 144.7449
93.5019 27.7871
131.3163 165.6925
108.9062 189.6813
100.3337 133.7113
100.7027 118.9659
97.5860 -39.4537
103.8010 30.4868
62.7390 133.6159
90.2468 174.9986
132.0713 188.3804
93.6518 114.2629
81.1013 131.4999
98.9672 136.9820
99.3561 130.2530
112.6848 166.0693
119.6925 167.1982
100.3976 148.7872
92.8671 135.6664
58.9331 67.1751
104.8515 116.6415
91.8749 190.3557
83.8995 101.5083
73.2297 130.4253
105.1704 149.0677
110.5097 104.8448
92.3806 113.7828
108.9034 163.0305
116.4427 71.2724
112.9300 143.7765
104.0882 143.3054
92.7626 121.2548
97.9503 -6.9592
128.5981 199.6576
101.4620 153.0167
63.8703 8.6136
97.7976 122.4752
76.3208 -2.2823
139.9983 301.6453
99.9384 136.2622
97.8779 138.1658
97.7634 122.9432
99.7082 134.5584
105.5524 150.3957
83.4973 1.6419
74.8110 76.0243
102.0329 143.7879
105.1735 155.6697
99.4668 122.9116
83.8306 79.0831
73.0902 198.1154
96.9237 145.3364
102.7060 90.3887
81.5374 149.4963
102.6361 95.2911
96.1305 142.9654
134.8875 52.3069
113.6784 90.9921
104.9907 124.8993
81.7377 85.8887
94.7152 119.2288
94.6655 125.1650
96.0799 140.6371
131.7606 72.3273
116.0964 143.7065
97.4015 121.6625
128.1276 125.9166
115.4697 195.6381
110.1255 232.1710
102.4187 144.1441
93.5876 96.0742
95.2132 181.2176
95.4362 123.6936
95.7182 115.6328
136.6634 191.7809
104.5065 126.8826
111.5019 132.1299
86.2739 67.3672
103.0713 179.7187
101.1187 132.8124
129.9725 150.0986
81.3817 78.3482
94.1133 122.1961
99.3778 124.4061
119.5098 139.8766
97.4031 124.6920
71.8643 21.6829
96.1195 132.8599
100.5156 181.3968
97.9785 117.2092
93.8776 162.0503
96.2467 107.1191
116.9497 170.5057
93.4500 114.6638
96.8784 123.6513
95.9233 127.8740
132.5271 211.3542
102.3998 133.5482
97.1201 120.1714
89.1413 56.5766
116.0045 131.4869
102.9925 111.5604
70.5226 76.1210
80.3668 42.2268
100.9280 141.9012
95.1008 115.6654
105.9805 142.3816
102.7150 134.6787
98.7671 120.8763
112.3694 141.7104
132.7550 141.9526
108.9805 140.0970
102.0387 116.8782
98.3117 123.1597
92.3234 113.4305
103.7025 124.0924
79.1328 96.3822
65.9165 12.2203
70.6957 102.7545
94.4649 101.2852
81.1665 128.3091
102.9474 119.5565
94.2550 123.0251
98.0450 133.5235
96.4259 81.6707
98.3645 127.3987
104.8685 144.2144
118.8567 209.3880
94.2461 133.8040
87.5466 175.4868
112.6471 138.5337
74.5288 124.3452
92.8504 129.2279
54.0367 202.2418
102.5746 132.8520
89.3170 119.1088
92.2962 73.7723
147.0682 263.5999
79.3896 134.2528
106.5508 138.1543
98.7142 126.0465
96.0439 137.9634
97.6144 113.1312
106.0079 139.3430
124.0308 164.9657
103.1583 138.1766
103.6203 137.1059
100.9692 138.4185
103.8479 119.2685
76.7702 19.8114
88.3944 103.0835
96.4049 167.5416
97.3460 80.7783
102.0575 130.0922
109.9410 135.1328
142.0133 282.5447
114.7949 84.5615
87.0327 84.0678
100.9366 52.5884
108.0348 121.2791
119.8053 194.3724
86.9812 255.1945
98.1767 120.7258
105.6801 130.4699
112.5486 98.5810
104.1224 154.2160
93.2276 127.3844
105.2245 71.6311
95.2732 109.4838
133.5417 91.8334
94.6739 127.3193
109.1533 210.5405
88.2440 127.0240
93.9159 117.2720
105.4093 130.3743
95.0240 190.2012
125.5501 161.8160
86.4725 160.7301
62.3698 84.4477
98.1769 122.8265
101.1672 133.0573
75.0690 29.6732
101.0267 128.3179
98.9353 147.8703
108.2081 110.4024
96.9382 60.1766
97.1635 125.1160
90.9064 186.9825
101.8880 133.6846
104.3237 140.6838
101.4791 116.5330
99.2268 135.1126
130.6076 177.8813
105.9294 143.7595
81.1240 204.8129
98.9079 126.9925
117.9932 4.9830
113.0897 42.9189
97.0948 129.6215
133.4322 154.0898
100.4017 147.1965
120.1151 161.5413
102.4550 147.2172
107.2862 153.3087
98.0203 125.7141
105.5110 96.8649
99.0635 102.7688
99.3978 133.4875
105.0490 143.2138
124.4991 123.5679
101.3900 118.2466
112.9058 154.1796
90.6199 112.7012
102.3787 129.0885
102.2569 142.5980
118.7749 58.1597
136.3710 229.6794
105.3895 167.0557
105.3073 139.9454
99.5528 139.1137
108.7174 125.6408
104.8338 130.1707
94.3739 127.9420
117.4180 185.2814
101.1858 127.7801
98.4957 136.7902
80.3093 113.1446
102.2590 139.3694
93.1263 118.9364
92.5220 126.4420
100.1896 128.8158
99.2133 6.8354
113.4201 166.0626
109.1641 138.2175
70.1582 171.3184
83.4583 225.9274
104.8835 7.3857
107.9543 43.5571
115.6391 167.0104
122.1567 208.4753
89.9524 91.0080
102.0067 138.2465
83.9973 169.8292
99.9470 142.2151
93.9625 124.7598
104.3269 116.8310
93.9247 46.3583
100.3133 146.2698
92.2394 147.2278
96.4074 113.4828
132.2232 294.6175
58.1708 85.8053
109.5771 170.0740
128.2578 178.0146
103.6153 143.6789
88.9620 107.7443
90.2451 167.1069
88.7555 107.2704
87.1787 197.7015
103.2872 125.8051
101.2762 150.1620
98.5989 130.2036
96.3948 124.0825
51.9927 124.0388
109.4407 155.0573
94.7644 113.4557
89.3026 113.0103
102.5271 135.8877
61.8280 4.1845
136.3495 285.3512
92.6971 122.6586
93.0591 98.1398
83.7296 -8.7621
103.1548 194.1842
99.9569 123.3062
100.4056 132.4400
97.0412 135.3685
110.2774 259.8684
151.6540 263.1842
103.6585 136.2849
101.5398 123.2826
98.7323 122.9062
87.6350 73.0730
86.1299 -59.6404
123.2484 219.0501
98.9734 149.1270
107.3731 139.3134
89.5663 161.2653
107.1867 130.2329
91.5869 134.9308
92.5240 124.3009
121.0836 164.3617
43.7639 128.1087
117.7110 177.7171
93.2227 108.0973
102.9909 131.7602
81.0950 156.1825
102.9742 133.2063
102.9284 136.1961
96.2007 125.6439
143.6677 209.5562
89.9040 130.7730
98.1918 130.4943
102.8711 64.2408
116.1244 84.2527
101.7865 129.5130
92.8867 119.7633
125.7586 157.4054
82.4090 26.9638
119.6874 104.1690
57.2457 82.1460
95.8066 128.8467
99.0191 131.5155
102.5721 144.6862
110.8590 144.1844
64.8111 28.2006
102.2418 127.6952
96.9496 164.7617
103.1436 130.0821
78.8978 145.0904
104.4914 110.4818
114.8565 30.9206
97.1293 132.4365
98.3894 122.0545
100.0660 127.5222
110.6557 125.6851
107.0886 145.5947
96.2554 119.7420
94.9898 122.3439
100.6338 114.2100
104.6377 140.9958
87.3052 165.2786
106.1727 144.2600
70.5564 175.5292
92.6028 81.1809
132.3095 126.5581
106.4802 166.3505
129.8880 121.4540
100.2624 131.7802
116.3220 66.1131
75.8851 41.3509
110.3188 133.3530
94.7173 144.4986
121.6445 109.9769
84.5383 102.8762
111.4131 154.5154
111.3279 178.4569
131.6320 176.5937
97.1389 119.7158
105.4670 146.2597
153.8638 227.7263
89.9211 99.6145
116.3464 252.9587
99.5340 144.9087
119.8747 186.0391
104.4679 138.9558
106.5077 141.7083
102.5589 136.3770
116.1721 184.1529
99.9391 117.4790
100.7551 124.0281
153.9107 190.0790
98.9472 123.5720
107.0197 140.3847
86.3432 9.6522
76.8969 103.5188
98.9516 177.6602
128.8404 118.1083
101.5384 125.1830
100.0253 124.4086
98.0323 116.8721
101.9696 183.6281
100.5966 133.4216
78.5227 85.1239
97.1873 131.5626
95.3116 134.0150
90.0834 85.9288
107.8935 154.5492
100.3388 130.7197
94.4763 120.8336
114.6911 146.7047
91.4592 25.8875
96.3208 112.5781
89.4045 119.8440
98.1127 116.8972
100.2930 141.5714
103.7158 124.8227
118.9486 138.6360
103.4742 131.1537
102.4663 132.2445
108.2371 140.2939
106.4854 133.1274
104.9376 136.3333
132.3953 191.4566
91.6691 113.8792
131.8890 78.1569
101.6844 136.6345
135.0754 151.5191
105.1458 147.7649
103.7825 124.5613
84.5737 96.3912
96.2411 136.3261
61.6682 117.5805
101.4313 132.6961
98.7563 108.5026
101.2953 120.4142
100.6014 129.2068
135.0386 157.3716
104.5158 150.2922
101.0643 126.9068
108.0450 144.7197
96.6780 165.9821
95.5400 121.9254
96.8605 117.6475
102.0508 148.9465
93.8457 114.1335
98.8821 135.9423
83.4633 46.3029
115.2244 199.5105
95.9387 116.9177
97.6225 213.6627
120.5755 131.6320
121.5677 139.4193
84.0700 60.4400
97.1005 132.5315
117.1217 111.4605
102.8758 145.7733
103.0200 117.1524
102.6668 150.7414
76.7666 121.3939
97.1725 132.5716
102.2052 132.6678
90.9324 71.1558
116.4537 94.8746
111.5440 149.2309
106.4319 331.6167
95.1386 101.3258
126.9078 184.1556
85.8619 164.0158
99.0779 125.7480
110.0674 82.7061
95.6116 127.7184
108.1526 126.6792
89.6022 82.5408
97.2833 141.7023
119.1223 192.4695
95.8963 138.0661
95.1734 125.6901
99.2581 125.4564
105.9503 148.8645
100.1071 148.1690
106.0636 136.3376
72.2056 119.3040
101.3029 116.7206
95.4412 138.2221
104.0043 120.7083
86.7933 119.3288
99.1673 141.1835
105.8432 134.8815
97.3604 118.1859
82.9022 145.9950
128.1945 193.0937
97.6197 119.1201
102.2655 125.3299
98.9377 59.4628
111.5445 107.9020
105.6478 183.9645
91.3883 133.4285
106.5999 123.0918
105.8652 139.7539
105.7712 138.7583
95.2948 123.8990
111.5427 56.0706
98.6681 139.1571
108.9871 129.0761
104.9397 131.5704
120.2493 177.6638
138.6361 275.2620
99.8747 94.1789
108.2430 135.4563
85.9568 252.9146
107.2282 137.6891
100.9088 142.4444
131.0072 260.2072
103.2638 119.6432
101.9162 138.2008
103.8540 137.5542
100.5923 120.4280
108.3531 141.1890
98.9593 124.9055
99.2182 126.3912
91.2316 124.8949
107.1891 131.5665
96.4238 96.3329
95.2361 123.5509
103.2640 139.8199
102.2854 114.8883
97.6572 114.0007
96.2294 149.3921
106.5124 125.0138
87.7855 107.8163
101.1066 155.4049
95.2898 118.1619
95.6073 120.8871
100.0777 189.9895
107.1000 188.9684
123.0266 111.7908
103.9740 110.6159
99.2709 130.9136
98.7467 102.6473
122.0128 218.0182
93.8331 104.0949
131.1610 163.0873
102.8260 128.9052
101.3308 117.9822
103.9780 128.2557
104.2907 164.9286
132.7268 217.2572
111.9032 194.9337
91.8364 123.9422
125.4932 202.6072
102.7166 239.4462
103.4369 149.4258
94.4742 115.5839
115.4625 228.5498
99.8489 130.3479
103.8243 133.9297
102.9217 143.2691
99.4972 135.2046
103.1831 151.4431
94.0418 131.4934
102.2472 89.8098
99.7659 130.3761
98.4682 121.7899
91.8519 128.8914
121.3040 156.6511
99.7437 134.9721
105.8230 145.5609
58.3115 35.7693
101.4366 -18.8893
103.6405 131.9347
101.0917 147.1150
97.9409 134.8655
95.4810 118.3315
112.7229 136.4278
107.4317 83.9269
123.8472 123.2424
95.0501 121.1743
98.8073 141.0324
103.0499 146.5226
88.7240 280.3486
98.9594 126.4902
99.2898 133.8408
92.6806 87.5934
107.1918 74.5505
102.1137 138.3022
103.1075 143.3131
110.6976 222.8914
115.0656 111.9254
91.9388 194.6373
110.4523 183.7727
77.3079 59.6005
101.1985 157.1021
87.1217 129.4986
91.7891 95.9015
105.5128 121.7719
106.8739 251.6457
131.9495 139.7177
127.6840 112.0561
101.0482 141.1431
95.4845 120.1053
93.2179 103.0455
103.9244 214.0795
114.7231 162.2022
108.2839 23.9006
101.3223 140.1488
95.5745 108.0736
77.5900 143.7796
93.8047 132.4123
95.4519 138.4630
122.2812 151.3643
99.7811 123.8413
131.1994 215.8464
98.2372 125.6603
56.7726 96.4700
117.2040 258.3174
92.9866 121.7341
100.5928 132.4038
104.7823 133.3255
99.3499 141.5533
99.9745 139.5216
85.7323 130.2486
101.1834 121.2040
102.0759 133.2503
101.7706 132.1055
72.9920 124.4730
85.1200 260.2060
107.0093 136.0770
86.4132 84.0037
105.9104 96.2580
106.5950 149.2756
112.9641 155.5343
105.6492 186.0908
94.2921 103.7322
111.1958 140.0853
108.3980 142.6984
87.5188 181.3834
102.5474 141.7884
101.7004 148.8819
105.1154 184.9512
105.9700 134.5091
88.1440 166.3249
94.3964 120.1834
136.8981 144.5602
93.1008 126.2301
112.1003 160.2782
122.6762 45.5607
98.6499 145.9218
101.7837 138.2142
127.1151 159.9685
83.1210 61.3698
121.4663 236.1299
111.5661 146.0364
128.2605 129.3199
108.7291 178.1930
101.1353 83.9033
105.3251 79.4867
99.3902 115.0136
74.6903 66.5593
102.4001 132.7727
96.0850 171.8875
99.0361 135.3299
98.3327 125.5073
105.3115 118.2502
114.8507 140.3938
108.2732 131.3686
93.1424 127.9473
106.6827 134.1195
89.4592 35.3432
108.6242 264.8251
114.8261 83.4537
99.9268 36.1192
103.9291 117.8046
84.7768 109.0892
137.3928 119.8615
95.9354 128.4344
99.2498 141.2950
104.3093 156.5557
74.0292 70.7012
77.6631 -8.6742
101.8291 139.8887
112.8673 152.4896
65.7239 102.6490
119.6854 272.8821
149.8993 66.4113
116.9280 148.8175
103.8553 145.6695
106.8520 124.9739
100.2692 127.2790
92.0063 115.5372
100.0169 73.5836
100.8410 119.2832
106.1028 122.6390
97.5094 115.9617
67.9400 130.9206
131.8246 314.5076
99.6592 93.4244
100.0608 135.2364
102.4727 150.7021
81.1168 36.8909
101.3281 121.1774
101.5750 131.2639
98.3344 129.8502
88.5388 127.2768
107.4464 135.5319
130.9537 135.1104
95.4574 122.7978
99.9259 130.3266
86.5630 92.2917
109.9453 179.7529
105.3261 109.1554
102.3606 123.3678
114.4281 164.2753
100.1290 145.4283
107.4275 32.6291
91.9628 106.9692
134.4636 240.9667
81.4578 80.1440
75.3516 111.7168
67.9443 122.2083
96.9163 114.4506
100.3492 143.1725
101.7589 91.7660
85.8221 63.1072
101.0562 149.4974
101.3537 136.6924
101.9773 216.3834
102.0135 172.3414
102.5779 131.0065
98.3972 122.3186
104.9218 130.2223
91.4985 111.4631
103.1080 142.6861
100.7416 141.1625
101.2845 214.9663
99.1228 123.8268
97.9124 134.2926
99.7808 111.7027
95.4361 118.4626
98.4842 120.3849
93.0929 121.1603
107.2383 128.9489
94.5329 129.3600
109.3550 269.3441
103.9133 139.9337
93.8410 40.0456
93.0951 108.9560
131.4632 103.4919
62.8578 132.6931
96.4183 124.6162
95.1767 126.2301
95.3326 146.8438
92.8612 120.1226
103.9475 114.2175
125.6054 96.1473
101.7794 123.0471
101.8695 129.2089
91.3088 121.3980
96.2992 146.7999
102.5257 122.8765
108.5136 203.5553
115.7718 175.4414
108.6241 132.5524
101.1671 133.1963
130.3420 173.7925
92.6937 66.8874
108.4974 113.0017
96.5079 94.6073
85.4504 154.1806
67.5025 66.0830
110.3316 134.3836
109.8492 144.7606
96.4395 240.4614
95.4541 114.2262
87.2878 139.9825
93.2501 106.0856
101.4822 189.7384
94.6504 125.0109
101.8077 119.9138
102.6439 137.4003
92.6102 114.6995
69.0315 169.2675
116.4028 112.3703
100.3195 136.9934
86.1405 109.7485
105.0940 135.3623
105.5114 132.7706
137.9079 189.2162
98.9557 112.4434
112.0479 102.4153
98.1858 122.6880
137.3101 204.4729
106.5500 133.8344
101.3167 137.6924
114.6894 146.3079
101.9078 143.0498
80.6871 35.2991
104.0902 114.3398
100.4944 137.2929
116.1675 201.7006
104.2368 130.4331
144.8860 220.4664
65.3781 89.7699
100.2651 120.0479
110.3793 137.8699
100.8660 183.9044
93.8264 46.5656
120.3118 193.9894
84.6905 91.6037
96.4339 119.3149
111.8937 153.4833
89.4104 32.8170
106.5497 101.0691
101.5147 117.4723
94.9440 121.7886
98.3383 142.7118
118.5197 143.7182
105.6281 139.2521
97.0745 113.5356
110.6939 117.7986
99.2778 140.5776
95.2096 125.5084
111.1521 141.1658
97.3602 87.6459
98.4455 131.8098
91.7025 152.8271
60.8319 87.5358
117.6907 199.8313
93.1888 109.5252
100.4140 123.4882
85.3073 146.0371
63.0885 169.4551
81.6666 37.4584
114.7004 231.3267
74.5329 42.1209
81.8436 87.5025
106.9286 247.4132
98.5278 138.8497
102.7862 131.3515
101.9188 127.0877
97.3470 131.9397
113.0444 74.8388
88.2876 112.8397
99.5305 136.6342
137.0152 104.9148
114.9702 235.2443
113.3897 208.6450
111.2094 148.2697
99.8908 135.5702
79.9016 106.2830
100.8738 139.8859
100.9113 141.4010
99.6255 135.7171
96.8500 134.5872
87.4601 112.9519
111.9556 171.4968
99.9735 121.1321
94.5477 137.0485
96.0672 -36.2208
97.2657 161.4154
92.0208 116.1532
77.7169 58.0126
94.7999 119.7038
102.5332 119.0133
97.8596 229.5876
89.3812 122.8827
97.9744 137.5319
91.5795 34.8068
99.9105 136.5395
101.5678 125.4050
97.5898 137.2624
96.9726 125.1492
107.5745 121.9203
98.4263 124.3662
98.3316 135.9451
109.9988 194.8991
91.8132 125.3367
87.9775 170.0012
94.6816 138.0619
102.2613 141.0580
100.4347 133.3141
94.8137 114.0407
103.2305 136.8105
100.9796 136.9730
97.5570 126.0292
97.3675 149.6021
77.7481 139.6092
106.8330 155.7982
94.4265 116.5864
116.0654 -43.1488
107.7386 20.6343
102.3269 153.1888
78.1920 83.6541
64.7218 201.8510
90.6515 118.2795
97.7787 129.0841
102.3044 109.7656
99.6391 188.0296
104.3702 146.6056
105.2465 139.5857
105.3000 132.0094
99.5861 133.6807
92.6366 106.4806
102.1543 132.5574
101.4704 124.6463
99.9602 127.7844
118.3880 169.7769
86.3693 13.5024
100.5449 135.7925
114.3600 169.4860
86.3202 136.6463
103.2484 140.6997
106.4064 144.7905
99.1012 114.0092
98.4317 126.8295
143.9601 269.8450
100.5071 114.4751
108.2776 129.7006
106.8229 146.1980
101.8145 147.5558
105.1662 173.8076
102.9484 138.2166
86.6315 107.3667
98.8439 132.6902
93.6403 108.2928
101.1288 135.7593
107.8450 147.1971
100.2233 266.7588
119.6530 147.9790
74.2098 3.8022
