140 50 48 45 64 1.28
140 53 48 48 65 1.44
170 56 40 59 62 1.33
150 69 53 67 61 1.24
230 64 51 63 61 1.38
150 49 53 57 62 1.25
210 53 59 55 62 1.34
140 58 49 55 61 1.3
140 49 41 46 61 1.25
130 58 53 40 62 1.23
180 51 41 57 61 1.28
140 69 71 48 62 1.25
140 66 65 74 63 1.23
120 62 45 51 64 1.05
140 50 52 48 62 1.21
160 71 59 72 61 1.3
160 71 61 65 62 1.37
140 42 39 38 63 1.23
130 73 49 65 64 1.18
130 53 47 49 62 1.25
140 60 43 40 61 1.27
140 64 49 59 64 1.07
130 69 59 59 62 1.25
130 62 43 57 62 1.15
140 66 41 57 62 1.23
140 75 45 70 63 1.23
140 68 36 48 61 1.25
140 44 45 53 61 1.23
140 64 47 61 62 1.28
140 64 47 61 62 1.32
140 80 57 65 63 1.3
140 89 64 70 62 1.23
125 77 69 76 63 1.23
120 80 72 57 62 1.26
150 53 40 57 60 1.27
140 53 43 34 63 1.25
125 65 40 43 64 1.27
180 53 25 44 61 1.33
160 44 38 38 65 1.28
170 62 57 57 62 1.28
180 58 55 44 62 1.3
170 73 59 67 62 1.25
140 71 62 59 62 1.38
170 68 52 57 62 1.52
160 56 40 54 61 1.38
160 56 57 48 60 1.36
150 73 65 68 63 1.34
120 51 43 49 62 1.23
190 73 59 67 62 1.3
140 58 65 41 63 1.3
140 71 61 61 62 1.35
140 69 77 70 61 1.38
125 80 81 72 61 1.35
150 75 79 76 59 1.37
180 64 57 59 62 1.38
170 74 55 68 60 1.32
160 83 69 64 59 1.35
160 71 52 57 62 1.25
160 98 67 75 63 1.25
160 64 45 61 62 1.38
180 35 52 30 61 1.15
125 41 48 27 60 1.21
180 56 52 48 62 1.3
200 56 40 57 62 1.4
150 47 43 51 64 1.21
130 51 51 51 62 1.4
120 60 59 55 61 1.4
160 74 60 59 61 1.36
150 80 81 64 64 1.25
150 86 84 70 64 1.28
155 49 43 51 62 1.27
125 53 45 49 64 1.23
120 53 59 57 64 1.25
120 80 77 63 65 1.25
160 60 43 57 61 1.36
150 53 45 53 62 1.35
130 60 49 55 63 1.25
130 69 51 59 65 1.28
200 42 41 34 63 1.35
150 60 67 55 61 1.25
130 58 73 57 65 1.22
140 50 55 64 64 1.17
190 50 40 45 63 1.45
170 60 59 55 62 1.46
160 50 38 59 64 1.4
130 98 67 75 65 1.38
140 75 63 80 62 1.3
160 53 41 53 62 1.28
160 53 45 49 63 1.3
170 89 79 82 63 1.37
110 101 88 84 62 1.35
130 110 98 89 63 1.37
160 65 45 64 62 1.3
160 65 48 66 60 1.32
140 74 60 59 62 1.27
120 56 52 61 66 1.28
150 49 53 46 62 1.27
150 64 67 74 60 1.31
150 60 39 63 60 1.38
170 62 75 63 61 1.3
130 66 65 67 62 1.32
200 68 52 59 62 1.37
140 58 49 63 64 1.34
160 75 78 68 61 1.32
140 58 49 61 63 1.25
125 71 49 53 62 1.38
180 71 79 52 61 1.35
145 56 64 59 63 1.38
160 68 72 54 64 1.38
190 62 51 53 62 1.15
180 49 53 57 62 1.23
160 49 47 49 63 1.36
140 60 51 63 62 1.3
180 66 55 57 62 1.3
180 80 63 67 62 1.3
180 58 63 63 64 1.35
145 69 65 57 67 1.3
140 73 57 74 64 1.28
180 64 59 55 63 1.34
200 60 57 46 61 1.32
200 71 53 68 58 1.27
140 38 40 43 64 1.35
125 74 55 64 64 1.27
130 71 55 70 62 1.28
200 84 57 78 61 1.33
145 66 39 53 62 1.27
150 69 59 57 62 1.27
140 68 67 75 63 1.23
140 120 79 82 65 1.25
140 58 45 61 63 1.12
145 78 67 82 61 1.22
170 66 49 51 64 1.35
120 86 83 83 66 1.08
120 80 77 63 63 1.12
140 62 50 50 63 1.35
155 58 53 61 67 1.37
160 60 57 49 62 1.3
140 64 69 53 62 1.3
130 73 51 59 65 1.22
220 75 69 57 61 1.35
140 56 52 57 63 1.35
140 62 47 53 63 1.23
140 64 55 59 64 1.25
150 69 45 59 63 1.22
180 73 65 59 62 1.28
150 62 69 76 63 1.25
160 66 51 70 62 1.28
190 84 67 75 62 1.33
160 62 59 49 63 1.3
200 58 51 55 62 1.28
160 80 72 66 62 1.27
155 58 55 57 63 1.27
150 51 51 46 62 1.22
210 58 55 53 63 1.3
210 66 57 63 65 1.3
190 97 75 71 64 1.27
190 78 49 74 61 1.3
135 65 79 54 63 1.37
160 97 75 71 64 1.27
140 69 63 65 63 1.23
130 78 51 86 62 1.25
160 64 57 74 62 1.25
160 64 57 74 63 1.25
170 66 47 72 65 1.21
140 80 55 82 65 1.23
170 56 60 54 62 1.28
210 71 60 70 63 1.44
160 62 51 51 62 1.32
