140 100 80 64 1.28
140 90 76 65 1.44
170 100 80 62 1.33
150 90 80 61 1.24
230 120 66 61 1.38
150 90 80 62 1.25
210 120 76 62 1.34
140 90 76 61 1.3
140 90 82 61 1.25
130 90 60 62 1.23
180 80 80 61 1.28
140 80 70 62 1.25
140 90 70 63 1.23
120 80 68 64 1.05
140 90 78 62 1.21
160 90 68 61 1.3
160 90 80 62 1.37
140 90 72 63 1.23
130 80 70 64 1.18
130 90 68 62 1.25
140 90 86 61 1.27
140 80 70 64 1.07
130 90 68 62 1.25
130 90 68 62 1.15
140 90 68 62 1.23
140 90 82 63 1.23
140 90 70 61 1.25
140 90 70 61 1.23
140 100 70 62 1.28
140 100 76 62 1.32
140 90 68 63 1.3
140 80 70 62 1.23
125 80 68 63 1.23
120 80 64 62 1.26
150 110 68 60 1.27
140 90 68 63 1.25
125 80 80 64 1.27
180 100 68 61 1.33
160 100 86 65 1.28
170 100 80 62 1.28
180 100 100 62 1.3
170 110 70 62 1.25
140 80 60 62 1.38
170 110 68 62 1.52
160 90 90 61 1.38
160 90 75 60 1.36
150 90 68 63 1.34
120 80 70 62 1.23
190 100 80 62 1.3
140 90 80 63 1.3
140 90 70 62 1.35
140 90 70 61 1.38
125 80 60 61 1.35
150 100 74 59 1.37
180 120 76 62 1.38
170 100 78 60 1.32
160 90 72 59 1.35
160 110 68 62 1.25
160 100 57 63 1.25
160 100 70 62 1.38
180 110 70 61 1.15
125 80 68 60 1.21
180 90 82 62 1.3
200 110 78 62 1.4
150 90 68 64 1.21
130 90 68 62 1.4
120 80 68 61 1.4
160 90 68 61 1.36
150 90 60 64 1.25
150 90 60 64 1.28
155 80 74 62 1.27
125 80 62 64 1.23
120 80 62 64 1.25
120 80 75 65 1.25
160 100 72 61 1.36
150 80 86 62 1.35
130 90 70 63 1.25
130 70 80 65 1.28
200 110 80 63 1.35
150 90 72 61 1.25
130 90 58 65 1.22
140 90 70 64 1.17
190 120 56 63 1.45
170 110 52 62 1.46
160 100 72 64 1.4
130 80 68 65 1.38
140 80 75 62 1.3
160 100 60 62 1.28
160 100 55 63 1.3
170 100 80 63 1.37
110 80 80 62 1.35
130 80 64 63 1.37
160 110 80 62 1.3
160 110 80 60 1.32
140 90 77 62 1.27
120 80 80 66 1.28
150 80 72 62 1.27
150 70 96 60 1.31
150 90 66 60 1.38
170 90 70 61 1.3
130 80 68 62 1.32
200 100 80 62 1.37
140 80 68 64 1.34
160 100 66 61 1.32
140 90 72 63 1.25
125 80 72 62 1.38
180 110 90 61 1.35
145 80 70 63 1.38
160 100 60 64 1.38
190 80 70 62 1.15
180 100 60 62 1.23
160 100 68 63 1.36
140 90 68 62 1.3
180 100 78 62 1.3
180 100 68 62 1.3
180 100 78 64 1.35
145 90 68 67 1.3
140 110 80 64 1.28
180 100 68 63 1.34
200 100 90 61 1.32
200 100 100 58 1.27
140 80 80 64 1.35
125 80 68 64 1.27
130 90 66 62 1.28
200 120 70 61 1.33
145 100 60 62 1.27
150 100 68 62 1.27
140 90 66 63 1.23
140 90 66 65 1.25
140 90 72 63 1.12
145 95 84 61 1.22
170 90 68 64 1.35
120 80 80 66 1.08
120 80 68 63 1.12
140 90 78 63 1.35
155 115 68 67 1.37
160 100 70 62 1.3
140 90 76 62 1.3
130 90 76 65 1.22
220 120 68 61 1.35
140 100 68 63 1.35
140 100 60 63 1.23
140 100 80 64 1.25
150 90 80 63 1.22
180 100 90 62 1.28
150 100 80 63 1.25
160 100 72 62 1.28
190 110 80 62 1.33
160 110 78 63 1.3
200 100 70 62 1.28
160 100 90 62 1.27
155 105 62 63 1.27
150 80 70 62 1.22
210 110 68 63 1.3
210 110 68 65 1.3
190 90 88 64 1.27
190 90 76 61 1.3
135 90 80 63 1.37
160 100 68 64 1.27
140 90 68 63 1.23
130 90 70 62 1.25
160 100 60 62 1.25
160 100 60 63 1.25
170 90 60 65 1.21
140 90 60 65 1.23
170 110 80 62 1.28
210 120 76 63 1.44
160 100 55 62 1.32
