140 64 1.28
140 65 1.44
170 62 1.33
150 61 1.24
230 61 1.38
150 62 1.25
210 62 1.34
140 61 1.3
140 61 1.25
130 62 1.23
180 61 1.28
140 62 1.25
140 63 1.23
120 64 1.05
140 62 1.21
160 61 1.3
160 62 1.37
140 63 1.23
130 64 1.18
130 62 1.25
140 61 1.27
140 64 1.07
130 62 1.25
130 62 1.15
140 62 1.23
140 63 1.23
140 61 1.25
140 61 1.23
140 62 1.28
140 62 1.32
140 63 1.3
140 62 1.23
125 63 1.23
120 62 1.26
150 60 1.27
140 63 1.25
125 64 1.27
180 61 1.33
160 65 1.28
170 62 1.28
180 62 1.3
170 62 1.25
140 62 1.38
170 62 1.52
160 61 1.38
160 60 1.36
150 63 1.34
120 62 1.23
190 62 1.3
140 63 1.3
140 62 1.35
140 61 1.38
125 61 1.35
150 59 1.37
180 62 1.38
170 60 1.32
160 59 1.35
160 62 1.25
160 63 1.25
160 62 1.38
180 61 1.15
125 60 1.21
180 62 1.3
200 62 1.4
150 64 1.21
130 62 1.4
120 61 1.4
160 61 1.36
150 64 1.25
150 64 1.28
155 62 1.27
125 64 1.23
120 64 1.25
120 65 1.25
160 61 1.36
150 62 1.35
130 63 1.25
130 65 1.28
200 63 1.35
150 61 1.25
130 65 1.22
140 64 1.17
190 63 1.45
170 62 1.46
160 64 1.4
130 65 1.38
140 62 1.3
160 62 1.28
160 63 1.3
170 63 1.37
110 62 1.35
130 63 1.37
160 62 1.3
160 60 1.32
140 62 1.27
120 66 1.28
150 62 1.27
150 60 1.31
150 60 1.38
170 61 1.3
130 62 1.32
200 62 1.37
140 64 1.34
160 61 1.32
140 63 1.25
125 62 1.38
180 61 1.35
145 63 1.38
160 64 1.38
190 62 1.15
180 62 1.23
160 63 1.36
140 62 1.3
180 62 1.3
180 62 1.3
180 64 1.35
145 67 1.3
140 64 1.28
180 63 1.34
200 61 1.32
200 58 1.27
140 64 1.35
125 64 1.27
130 62 1.28
200 61 1.33
145 62 1.27
150 62 1.27
140 63 1.23
140 65 1.25
140 63 1.12
145 61 1.22
170 64 1.35
120 66 1.08
120 63 1.12
140 63 1.35
155 67 1.37
160 62 1.3
140 62 1.3
130 65 1.22
220 61 1.35
140 63 1.35
140 63 1.23
140 64 1.25
150 63 1.22
180 62 1.28
150 63 1.25
160 62 1.28
190 62 1.33
160 63 1.3
200 62 1.28
160 62 1.27
155 63 1.27
150 62 1.22
210 63 1.3
210 65 1.3
190 64 1.27
190 61 1.3
135 63 1.37
160 64 1.27
140 63 1.23
130 62 1.25
160 62 1.25
160 63 1.25
170 65 1.21
140 65 1.23
170 62 1.28
210 63 1.44
160 62 1.32
