100 64 1.28
90 65 1.44
100 62 1.33
90 61 1.24
120 61 1.38
90 62 1.25
120 62 1.34
90 61 1.3
90 61 1.25
90 62 1.23
80 61 1.28
80 62 1.25
90 63 1.23
80 64 1.05
90 62 1.21
90 61 1.3
90 62 1.37
90 63 1.23
80 64 1.18
90 62 1.25
90 61 1.27
80 64 1.07
90 62 1.25
90 62 1.15
90 62 1.23
90 63 1.23
90 61 1.25
90 61 1.23
100 62 1.28
100 62 1.32
90 63 1.3
80 62 1.23
80 63 1.23
80 62 1.26
110 60 1.27
90 63 1.25
80 64 1.27
100 61 1.33
100 65 1.28
100 62 1.28
100 62 1.3
110 62 1.25
80 62 1.38
110 62 1.52
90 61 1.38
90 60 1.36
90 63 1.34
80 62 1.23
100 62 1.3
90 63 1.3
90 62 1.35
90 61 1.38
80 61 1.35
100 59 1.37
120 62 1.38
100 60 1.32
90 59 1.35
110 62 1.25
100 63 1.25
100 62 1.38
110 61 1.15
80 60 1.21
90 62 1.3
110 62 1.4
90 64 1.21
90 62 1.4
80 61 1.4
90 61 1.36
90 64 1.25
90 64 1.28
80 62 1.27
80 64 1.23
80 64 1.25
80 65 1.25
100 61 1.36
80 62 1.35
90 63 1.25
70 65 1.28
110 63 1.35
90 61 1.25
90 65 1.22
90 64 1.17
120 63 1.45
110 62 1.46
100 64 1.4
80 65 1.38
80 62 1.3
100 62 1.28
100 63 1.3
100 63 1.37
80 62 1.35
80 63 1.37
110 62 1.3
110 60 1.32
90 62 1.27
80 66 1.28
80 62 1.27
70 60 1.31
90 60 1.38
90 61 1.3
80 62 1.32
100 62 1.37
80 64 1.34
100 61 1.32
90 63 1.25
80 62 1.38
110 61 1.35
80 63 1.38
100 64 1.38
80 62 1.15
100 62 1.23
100 63 1.36
90 62 1.3
100 62 1.3
100 62 1.3
100 64 1.35
90 67 1.3
110 64 1.28
100 63 1.34
100 61 1.32
100 58 1.27
80 64 1.35
80 64 1.27
90 62 1.28
120 61 1.33
100 62 1.27
100 62 1.27
90 63 1.23
90 65 1.25
90 63 1.12
95 61 1.22
90 64 1.35
80 66 1.08
80 63 1.12
90 63 1.35
115 67 1.37
100 62 1.3
90 62 1.3
90 65 1.22
120 61 1.35
100 63 1.35
100 63 1.23
100 64 1.25
90 63 1.22
100 62 1.28
100 63 1.25
100 62 1.28
110 62 1.33
110 63 1.3
100 62 1.28
100 62 1.27
105 63 1.27
80 62 1.22
110 63 1.3
110 65 1.3
90 64 1.27
90 61 1.3
90 63 1.37
100 64 1.27
90 63 1.23
90 62 1.25
100 62 1.25
100 63 1.25
90 65 1.21
90 65 1.23
110 62 1.28
120 63 1.44
100 62 1.32
