       140       100      1.28
       140        90      1.44
       170       100      1.33
       150        90      1.24
       230       120      1.38
       150        90      1.25
       210       120      1.34
       140        90       1.3
       140        90      1.25
       130        90      1.23
       180        80      1.28
       140        80      1.25
       140        90      1.23
       120        80      1.05
       140        90      1.21
       160        90       1.3
       160        90      1.37
       140        90      1.23
       130        80      1.18
       130        90      1.25
       140        90      1.27
       140        80      1.07
       130        90      1.25
       130        90      1.15
       140        90      1.23
       140        90      1.23
       140        90      1.25
       140        90      1.23
       140       100      1.28
       140       100      1.32
       140        90       1.3
       140        80      1.23
       125        80      1.23
       120        80      1.26
       150       110      1.27
       140        90      1.25
       125        80      1.27
       180       100      1.33
       160       100      1.28
       170       100      1.28
       180       100       1.3
       170       110      1.25
       140        80      1.38
       170       110      1.52
       160        90      1.38
       160        90      1.36
       150        90      1.34
       120        80      1.23
       190       100       1.3
       140        90       1.3
       140        90      1.35
       140        90      1.38
       125        80      1.35
       150       100      1.37
       180       120      1.38
       170       100      1.32
       160        90      1.35
       160       110      1.25
       160       100      1.25
       160       100      1.38
       180       110      1.15
       125        80      1.21
       180        90       1.3
       200       110       1.4
       150        90      1.21
       130        90       1.4
       120        80       1.4
       160        90      1.36
       150        90      1.25
       150        90      1.28
       155        80      1.27
       125        80      1.23
       120        80      1.25
       120        80      1.25
       160       100      1.36
       150        80      1.35
       130        90      1.25
       130        70      1.28
       200       110      1.35
       150        90      1.25
       130        90      1.22
       140        90      1.17
       190       120      1.45
       170       110      1.46
       160       100       1.4
       130        80      1.38
       140        80       1.3
       160       100      1.28
       160       100       1.3
       170       100      1.37
       110        80      1.35
       130        80      1.37
       160       110       1.3
       160       110      1.32
       140        90      1.27
       120        80      1.28
       150        80      1.27
       150        70      1.31
       150        90      1.38
       170        90       1.3
       130        80      1.32
       200       100      1.37
       140        80      1.34
       160       100      1.32
       140        90      1.25
       125        80      1.38
       180       110      1.35
       145        80      1.38
       160       100      1.38
       190        80      1.15
       180       100      1.23
       160       100      1.36
       140        90       1.3
       180       100       1.3
       180       100       1.3
       180       100      1.35
       145        90       1.3
       140       110      1.28
       180       100      1.34
       200       100      1.32
       200       100      1.27
       140        80      1.35
       125        80      1.27
       130        90      1.28
       200       120      1.33
       145       100      1.27
       150       100      1.27
       140        90      1.23
       140        90      1.25
       140        90      1.12
       145        95      1.22
       170        90      1.35
       120        80      1.08
       120        80      1.12
       140        90      1.35
       155       115      1.37
       160       100       1.3
       140        90       1.3
       130        90      1.22
       220       120      1.35
       140       100      1.35
       140       100      1.23
       140       100      1.25
       150        90      1.22
       180       100      1.28
       150       100      1.25
       160       100      1.28
       190       110      1.33
       160       110       1.3
       200       100      1.28
       160       100      1.27
       155       105      1.27
       150        80      1.22
       210       110       1.3
       210       110       1.3
       190        90      1.27
       190        90       1.3
       135        90      1.37
       160       100      1.27
       140        90      1.23
       130        90      1.25
       160       100      1.25
       160       100      1.25
       170        90      1.21
       140        90      1.23
       170       110      1.28
       210       120      1.44
       160       100      1.32